0.36436712E+03
0.36565347E+03
0.36797846E+03
0.37051984E+03
0.37278524E+03
0.37510733E+03
0.37778302E+03
0.38058411E+03
0.38352121E+03
0.38670186E+03
0.39012466E+03
0.39380038E+03
0.39755122E+03
0.40114961E+03
0.40461210E+03
0.40797407E+03
0.41124161E+03
0.41441543E+03
0.41749975E+03
0.42054587E+03
0.42346397E+03
0.42613517E+03
0.42859283E+03
0.43090787E+03
0.43314977E+03
0.43533254E+03
0.43745807E+03
0.43951961E+03
0.44150756E+03
0.44341805E+03
0.44515424E+03
0.44661843E+03
0.44794001E+03
0.44921029E+03
0.45039930E+03
0.45151977E+03
0.45257601E+03
0.45356851E+03
0.45448974E+03
0.45532873E+03
0.45597977E+03
0.45634012E+03
0.45651933E+03
0.45661284E+03
0.45661779E+03
0.45655646E+03
0.45644117E+03
0.45627749E+03
0.45607196E+03
0.45582122E+03
0.45544144E+03
0.45485279E+03
0.45414536E+03
0.45341568E+03
0.45265504E+03
0.45186092E+03
0.45105176E+03
0.45023750E+03
0.44942024E+03
0.44859908E+03
0.44783410E+03
0.44718314E+03
0.44656350E+03
0.44592070E+03
0.44527723E+03
0.44461902E+03
0.44394355E+03
0.44326882E+03
0.44260433E+03
0.44195170E+03
0.44134334E+03
0.44080241E+03
0.44029959E+03
0.43980947E+03
0.43932684E+03
0.43885022E+03
0.43836713E+03
0.43787643E+03
0.43739719E+03
0.43693980E+03
0.43647529E+03
0.43597125E+03
0.43547216E+03
0.43499707E+03
0.43451701E+03
0.43403063E+03
0.43353784E+03
0.43302784E+03
0.43250084E+03
0.43197678E+03
0.43147294E+03
0.43099896E+03
0.43054808E+03
0.43011047E+03
0.42968013E+03
0.42925077E+03
0.42882102E+03
0.42839079E+03
0.42794949E+03
0.42749743E+03
0.42696270E+03
0.42626508E+03
0.42554487E+03
0.42489771E+03
0.42427311E+03
0.42365808E+03
0.42304592E+03
0.42243493E+03
0.42182474E+03
0.42120468E+03
0.42057496E+03
0.41995484E+03
0.41935489E+03
0.41877775E+03
0.41822299E+03
0.41768190E+03
0.41714286E+03
0.41660018E+03
0.41605294E+03
0.41550145E+03
0.41493580E+03
0.41435674E+03
0.41378370E+03
0.41322739E+03
0.41269062E+03
0.41217267E+03
0.41166423E+03
0.41115823E+03
0.41065346E+03
0.41014861E+03
0.40964385E+03
0.40912927E+03
0.40860556E+03
0.40809179E+03
0.40759837E+03
0.40712789E+03
0.40667994E+03
0.40624609E+03
0.40581515E+03
0.40538175E+03
0.40494518E+03
0.40450587E+03
0.40405437E+03
0.40359166E+03
0.40313677E+03
0.40270009E+03
0.40228424E+03
0.40188886E+03
0.40150569E+03
0.40112375E+03
0.40073785E+03
0.40034740E+03
0.39995292E+03
0.39954519E+03
0.39912532E+03
0.39871219E+03
0.39831607E+03
0.39793956E+03
0.39758227E+03
0.39723602E+03
0.39688999E+03
0.39653912E+03
0.39618289E+03
0.39582185E+03
0.39544698E+03
0.39505948E+03
0.39467807E+03
0.39431290E+03
0.39396649E+03
0.39363842E+03
0.39332058E+03
0.39300229E+03
0.39267858E+03
0.39234897E+03
0.39201405E+03
0.39166498E+03
0.39130302E+03
0.39094672E+03
0.39060611E+03
0.39028365E+03
0.38997887E+03
0.38968372E+03
0.38938764E+03
0.38908573E+03
0.38877757E+03
0.38846376E+03
0.38813561E+03
0.38779445E+03
0.38745867E+03
0.38713817E+03
0.38683535E+03
0.38654969E+03
0.38627319E+03
0.38599539E+03
0.38571149E+03
0.38542107E+03
0.38512479E+03
0.38481407E+03
0.38449029E+03
0.38417170E+03