0.36436712E+03
0.36565347E+03
0.36797846E+03
0.37051984E+03
0.37278524E+03
0.37514774E+03
0.37794610E+03
0.38085653E+03
0.38383367E+03
0.38697977E+03
0.39016358E+03
0.39330729E+03
0.39650327E+03
0.39974953E+03
0.40300790E+03
0.40630368E+03
0.40963408E+03
0.41299225E+03
0.41637558E+03
0.41982976E+03
0.42326850E+03
0.42657304E+03
0.42985219E+03
0.43318135E+03
0.43654545E+03
0.43994925E+03
0.44339330E+03
0.44687097E+03
0.45037214E+03
0.45389223E+03
0.45745837E+03
0.46109933E+03
0.46472715E+03
0.46829171E+03
0.47184006E+03
0.47538306E+03
0.47892388E+03
0.48246212E+03
0.48598924E+03
0.48949313E+03
0.49299769E+03
0.49653319E+03
0.50002452E+03
0.50341670E+03
0.50674797E+03
0.51004827E+03
0.51333668E+03
0.51662264E+03
0.51991070E+03
0.52319569E+03
0.52637589E+03
0.52935342E+03
0.53217795E+03
0.53490801E+03
0.53753828E+03
0.54007165E+03
0.54253604E+03
0.54494887E+03
0.54731846E+03
0.54964940E+03
0.55191183E+03
0.55407021E+03
0.55612332E+03
0.55807691E+03
0.55993397E+03
0.56168202E+03
0.56332208E+03
0.56488122E+03
0.56637634E+03
0.56781504E+03
0.56917631E+03
0.57042763E+03
0.57156163E+03
0.57257863E+03
0.57347962E+03
0.57426681E+03
0.57492725E+03
0.57546130E+03
0.57589726E+03
0.57625987E+03
0.57642655E+03
0.57626179E+03
0.57604369E+03
0.57597320E+03
0.57596505E+03
0.57601015E+03
0.57610176E+03
0.57621926E+03
0.57635645E+03
0.57653478E+03
0.57676615E+03
0.57705342E+03
0.57739691E+03
0.57778563E+03
0.57820286E+03
0.57863870E+03
0.57908959E+03
0.57955387E+03
0.58001489E+03
0.58046977E+03
0.58090945E+03
0.58131548E+03
0.58172237E+03
0.58214380E+03
0.58255276E+03
0.58293374E+03
0.58327820E+03
0.58358373E+03
0.58384973E+03
0.58406033E+03
0.58421345E+03
0.58433458E+03
0.58444769E+03
0.58456656E+03
0.58469297E+03
0.58481720E+03
0.58492375E+03
0.58500388E+03
0.58505518E+03
0.58507713E+03
0.58505381E+03
0.58498316E+03
0.58490271E+03
0.58483964E+03
0.58479940E+03
0.58478426E+03
0.58478424E+03
0.58478334E+03
0.58477272E+03
0.58474985E+03
0.58471411E+03
0.58464948E+03
0.58455565E+03
0.58445992E+03
0.58437830E+03
0.58431730E+03
0.58427945E+03
0.58425530E+03
0.58422957E+03
0.58419370E+03
0.58414544E+03
0.58408436E+03
0.58399445E+03
0.58387352E+03
0.58374736E+03
0.58363233E+03
0.58353519E+03
0.58345869E+03
0.58339357E+03
0.58332469E+03
0.58328779E+03
0.58328779E+03
0.58328779E+03
0.58328779E+03
0.58328779E+03
0.58328779E+03
0.58328779E+03
0.58328779E+03
0.58328779E+03
0.58328779E+03
0.58328779E+03
0.58328779E+03
0.58328779E+03
0.58328779E+03
0.58328779E+03
0.58328779E+03
0.58328779E+03
0.58328779E+03
0.58328779E+03
0.58328779E+03
0.58328779E+03
0.58328779E+03
0.58328779E+03
0.58328779E+03
0.58328779E+03
0.58328779E+03
0.58328779E+03
0.58328779E+03
0.58328779E+03
0.58328779E+03
0.58328779E+03
0.58328779E+03
0.58328779E+03
0.58328779E+03
0.58328779E+03
0.58328779E+03
0.58328779E+03
0.58328779E+03
0.58328779E+03
0.58328779E+03
0.58328779E+03
0.58328779E+03
0.58328779E+03
0.58328779E+03
0.58328779E+03
0.58328779E+03
0.58328779E+03
0.58328779E+03
0.58328779E+03
0.58328779E+03