0.36436712E+03
0.36565347E+03
0.36797846E+03
0.37051984E+03
0.37278524E+03
0.37501356E+03
0.37740730E+03
0.37979075E+03
0.38225718E+03
0.38487959E+03
0.38760742E+03
0.39046124E+03
0.39340456E+03
0.39631639E+03
0.39916983E+03
0.40199284E+03
0.40478528E+03
0.40754279E+03
0.41026488E+03
0.41299842E+03
0.41576955E+03
0.41857698E+03
0.42143070E+03
0.42432454E+03
0.42726531E+03
0.43025671E+03
0.43329811E+03
0.43638173E+03
0.43949661E+03
0.44263738E+03
0.44556175E+03
0.44802240E+03
0.45029573E+03
0.45264207E+03
0.45504472E+03
0.45750887E+03
0.46003259E+03
0.46261159E+03
0.46523430E+03
0.46788612E+03
0.47071807E+03
0.47388849E+03
0.47720755E+03
0.48051085E+03
0.48384037E+03
0.48722318E+03
0.49067562E+03
0.49420484E+03
0.49781390E+03
0.50149522E+03
0.50513208E+03
0.50861464E+03
0.51205303E+03
0.51555895E+03
0.51911937E+03
0.52273329E+03
0.52642404E+03
0.53020531E+03
0.53408270E+03
0.53805859E+03
0.54244710E+03
0.54756767E+03
0.55304710E+03
0.55855648E+03
0.56414701E+03
0.56980732E+03
0.57553900E+03
0.58136977E+03
0.58731722E+03
0.59339036E+03
0.59942514E+03
0.60523808E+03
0.61094935E+03
0.61668100E+03
0.62242152E+03
0.62817373E+03
0.63392394E+03
0.63967239E+03
0.64544832E+03
0.65127083E+03
0.65694130E+03
0.66225239E+03
0.66728579E+03
0.67208697E+03
0.67661860E+03
0.68088931E+03
0.68490932E+03
0.68866931E+03
0.69217507E+03
0.69546193E+03
0.69856587E+03
0.70151440E+03
0.70441932E+03
0.70736978E+03
0.71034212E+03
0.71332311E+03
0.71630643E+03
0.71928847E+03
0.72225882E+03
0.72522787E+03
0.72812370E+03
0.73085747E+03
0.73358311E+03
0.73639299E+03
0.73921355E+03
0.74202100E+03
0.74479945E+03
0.74754059E+03
0.75023878E+03
0.75286968E+03
0.75542530E+03
0.75793134E+03
0.76040476E+03
0.76285324E+03
0.76527974E+03
0.76767291E+03
0.77001345E+03
0.77228917E+03
0.77449528E+03
0.77662944E+03
0.77866970E+03
0.78061014E+03
0.78247962E+03
0.78429848E+03
0.78607684E+03
0.78781935E+03
0.78951545E+03
0.79114824E+03
0.79270816E+03
0.79419127E+03
0.79559606E+03
0.79690083E+03
0.79810002E+03
0.79922374E+03
0.80029356E+03
0.80132057E+03
0.80231056E+03
0.80325410E+03
0.80413287E+03
0.80493568E+03
0.80565887E+03
0.80630121E+03
0.80684093E+03
0.80727225E+03
0.80762623E+03
0.80792524E+03
0.80818047E+03
0.80839823E+03
0.80856918E+03
0.80867492E+03
0.80870955E+03
0.80870955E+03
0.80870955E+03
0.80870955E+03
0.80870955E+03
0.80870955E+03
0.80870955E+03
0.80870955E+03
0.80870955E+03
0.80870955E+03
0.80870955E+03
0.80870955E+03
0.80870955E+03
0.80870955E+03
0.80870955E+03
0.80870955E+03
0.80870955E+03
0.80870955E+03
0.80870955E+03
0.80870955E+03
0.80870955E+03
0.80870955E+03
0.80870955E+03
0.80870955E+03
0.80870955E+03
0.80870955E+03
0.80870955E+03
0.80870955E+03
0.80870955E+03
0.80870955E+03
0.80870955E+03
0.80870955E+03
0.80870955E+03
0.80870955E+03
0.80870955E+03
0.80870955E+03
0.80870955E+03
0.80870955E+03
0.80870955E+03
0.80870955E+03
0.80870955E+03
0.80870955E+03
0.80870955E+03
0.80870955E+03
0.80870955E+03
0.80870955E+03
0.80870955E+03
0.80870955E+03
0.80870955E+03
0.80870955E+03