0.36436712E+03
0.36565347E+03
0.36797846E+03
0.37051984E+03
0.37278524E+03
0.37519996E+03
0.37815546E+03
0.38135680E+03
0.38474081E+03
0.38842565E+03
0.39205839E+03
0.39527227E+03
0.39843505E+03
0.40179376E+03
0.40527595E+03
0.40890146E+03
0.41266275E+03
0.41654905E+03
0.42055429E+03
0.42472174E+03
0.42909113E+03
0.43367451E+03
0.43835716E+03
0.44307271E+03
0.44789186E+03
0.45281977E+03
0.45785702E+03
0.46299651E+03
0.46822769E+03
0.47354556E+03
0.47908885E+03
0.48500313E+03
0.49112015E+03
0.49733571E+03
0.50372772E+03
0.51030470E+03
0.51706703E+03
0.52401271E+03
0.53113088E+03
0.53840670E+03
0.54579430E+03
0.55325110E+03
0.56084527E+03
0.56861665E+03
0.57654983E+03
0.58467340E+03
0.59300721E+03
0.60156231E+03
0.61034390E+03
0.61934623E+03
0.62843015E+03
0.63745629E+03
0.64655197E+03
0.65582329E+03
0.66522649E+03
0.67476367E+03
0.68446780E+03
0.69436030E+03
0.70445429E+03
0.71475889E+03
0.72522685E+03
0.73580212E+03
0.74647188E+03
0.75722260E+03
0.76804931E+03
0.77893799E+03
0.78988891E+03
0.80093238E+03
0.81209823E+03
0.82340986E+03
0.83484352E+03
0.84635818E+03
0.85796001E+03
0.86965468E+03
0.88143384E+03
0.89329986E+03
0.90523160E+03
0.91724063E+03
0.92933029E+03
0.94153025E+03
0.95405292E+03
0.96706270E+03
0.98037638E+03
0.99381254E+03
0.10073762E+04
0.10210685E+04
0.10348947E+04
0.10488033E+04
0.10628068E+04
0.10769606E+04
0.10910723E+04
0.11049867E+04
0.11188894E+04
0.11328854E+04
0.11469227E+04
0.11609927E+04
0.11750915E+04
0.11892172E+04
0.12033531E+04
0.12174831E+04
0.12314453E+04
0.12451089E+04
0.12587118E+04
0.12723631E+04
0.12860039E+04
0.12996449E+04
0.13132663E+04
0.13268737E+04
0.13404348E+04
0.13539384E+04
0.13673773E+04
0.13807579E+04
0.13941578E+04
0.14075854E+04
0.14210553E+04
0.14345876E+04
0.14481330E+04
0.14616990E+04
0.14752666E+04
0.14888007E+04
0.15023136E+04
0.15157727E+04
0.15291849E+04
0.15426285E+04
0.15561455E+04
0.15697242E+04
0.15833546E+04
0.15970407E+04
0.16107759E+04
0.16244985E+04
0.16382113E+04
0.16519101E+04
0.16655331E+04
0.16791409E+04
0.16927983E+04
0.17065082E+04
0.17202941E+04
0.17341745E+04
0.17481048E+04
0.17620503E+04
0.17760164E+04
0.17899975E+04
0.18039513E+04
0.18178432E+04
0.18317032E+04
0.18455860E+04
0.18595456E+04
0.18736069E+04
0.18877443E+04
0.19019481E+04
0.19161945E+04
0.19304295E+04
0.19445835E+04
0.19585733E+04
0.19723163E+04
0.19858391E+04
0.19992677E+04
0.20126315E+04
0.20259033E+04
0.20390912E+04
0.20521869E+04
0.20651652E+04
0.20780071E+04
0.20907003E+04
0.21032366E+04
0.21155215E+04
0.21275722E+04
0.21395351E+04
0.21514334E+04
0.21632536E+04
0.21749897E+04
0.21866278E+04
0.21981472E+04
0.22095346E+04
0.22207839E+04
0.22318432E+04
0.22426405E+04
0.22532131E+04
0.22636715E+04
0.22740562E+04
0.22843744E+04
0.22946286E+04
0.23047840E+04
0.23148220E+04
0.23247224E+04
0.23344378E+04
0.23439549E+04
0.23532342E+04
0.23622827E+04
0.23711944E+04
0.23800242E+04
0.23887933E+04
0.23974926E+04
0.24060951E+04
0.24145607E+04
0.24228652E+04
0.24310277E+04
0.24389634E+04
0.24466266E+04
0.24541038E+04